2227	26
3	1
671	5
398	221
2791	16
2791	16
5123	52
2791	99
2791	16
2791	16
2791	16
1380	3
2791	16
2791	16
2791	169
6993	5784
2791	16
287	53
2791	16
2	2
2	1
2791	16
2791	16
2791	16
1448	103
1264	2
267	8
2	3
2791	16
2	3
2209	80
948	7
2791	16
145	9
2791	16
1452	111
2791	16
2227	26
726	3
2791	16
2791	16
2791	16
714	23
2791	16
2791	16
3794	71
2791	16
759	10
2791	16
2791	16
2	2
4828	138
2791	16
1780	39
5273	19307
2791	16
2	7
2791	16
2791	16
1099	1
2227	26
2791	20
2791	16
1288	2196
2227	26
37	1
2227	26
2791	106
2791	16
2791	16
581	5
2227	26
2791	16
2791	16
2791	16
2791	16
2791	16
2791	16
2862	6
2791	16
2473	6664
2791	20
2791	16
2227	26
2	1
3035	7
4444	649
1160	9
2791	16
2033	5361
4	4
2791	16
2791	16
3220	4
725	22
1271	4
2791	16
2791	70
2791	16
6531	1148
2791	16
2791	16
2791	16
2791	16
2791	16
1224	4
4	2
23	2
2791	16
950	5
3599	4721
2791	16
2791	16
2061	1
4	7
1307	56
2	1
1403	12
1202	5
2791	16
2791	16
183	1
2791	16
2791	16
2791	16
3727	9
2	1
767	1
2227	26
2227	26
2791	16
1815	6
2791	16
2791	16
2791	16
491	40
375	5
2791	16
2227	26
3	2
4197	39
501	2
2	3
517	11
2791	16
2791	16
2791	16
2791	16
2791	16
3680	125
1353	1
2791	16
3886	548
