0
0
0
0
0
0
26
0
0
0
0
0
0
1
0
0
0
0
0
0
0
0
0
0
0
0
0
0
0
0
0
0
0
0
0
5
0
0
0
0
0
0
0
221
0
0
0
0
16
0
0
0
0
0
0
0
0
16
0
0
0
0
0
0
52
0
0
0
99
0
0
0
0
0
16
0
0
0
0
0
0
0
0
16
0
0
0
0
0
16
0
0
0
0
0
3
16
0
16
0
169
0
0
0
5784
0
16
53
0
0
0
0
0
16
0
2
0
0
0
1
0
0
0
0
16
0
0
0
0
0
16
0
16
0
0
103
0
0
0
0
0
2
0
0
0
0
8
0
0
3
0
0
0
0
0
0
0
0
0
0
0
0
0
0
0
0
0
16
0
0
0
0
0
0
0
0
0
0
0
3
0
0
0
0
0
0
0
0
0
0
0
0
0
0
0
0
0
0
80
7
0
0
0
16
0
0
9
0
0
0
0
0
0
0
0
0
0
0
0
0
0
0
0
16
0
0
0
111
0
0
16
0
0
0
0
0
0
0
0
0
0
0
0
0
26
0
0
3
0
0
0
0
0
0
16
0
16
0
0
0
0
0
0
0
0
16
0
0
0
23
0
0
0
0
0
16
0
0
0
0
0
0
0
0
0
0
0
0
0
0
0
0
0
0
0
0
16
0
0
71
0
0
0
0
0
0
16
0
0
0
0
0
0
0
0
0
0
0
10
0
0
0
16
0
0
0
16
0
0
0
0
0
2
0
0
138
0
0
0
16
0
39
0
19307
0
0
0
0
0
0
0
0
0
0
0
0
0
16
0
0
7
0
0
0
16
0
16
0
0
1
0
0
0
0
0
0
26
0
0
20
0
0
16
2196
0
0
0
0
0
26
1
0
0
0
0
26
0
0
0
0
0
0
106
16
16
5
0
0
0
26
16
16
0
0
0
16
0
16
0
0
0
0
0
16
0
0
0
0
0
0
16
0
0
0
0
0
0
0
6
0
0
0
0
0
0
0
0
0
16
0
0
6664
0
20
0
16
0
0
0
0
0
0
0
0
0
0
0
0
0
0
0
0
0
0
0
0
0
0
0
26
0
0
0
1
0
7
0
649
0
0
9
0
0
16
0
0
0
0
0
0
0
0
0
0
0
0
0
5361
0
0
0
4
0
0
0
0
0
0
0
0
0
0
0
0
0
0
16
0
16
4
0
0
0
0
0
0
0
0
0
0
0
0
0
0
22
0
4
0
0
0
0
0
0
0
16
0
0
0
70
16
0
1148
0
0
0
16
0
0
0
0
0
0
0
0
0
0
0
16
0
0
0
0
0
0
0
0
0
0
0
0
0
0
16
0
0
0
0
0
0
0
0
0
16
16
0
0
0
0
0
0
0
0
0
0
0
0
0
0
4
0
0
0
0
0
0
0
2
0
0
0
0
0
0
0
0
0
0
0
2
0
0
0
0
0
0
0
0
0
0
0
0
0
0
0
0
0
0
0
0
0
0
0
0
0
0
0
0
16
0
0
0
0
0
0
0
0
0
0
0
0
5
0
0
0
0
4721
0
0
0
0
0
16
0
0
0
0
0
0
0
16
0
0
0
0
0
0
0
0
0
0
0
0
1
0
7
0
0
0
0
0
56
1
12
0
0
0
0
0
0
0
0
0
0
0
0
0
0
0
0
0
0
0
0
0
0
0
0
0
0
0
5
0
0
16
16
0
0
0
0
0
0
0
0
0
0
1
0
0
0
0
0
16
0
16
0
0
0
0
0
0
16
0
0
0
0
0
0
0
0
0
0
0
0
0
0
0
0
0
0
0
0
0
0
0
0
0
0
9
0
0
0
0
0
0
0
0
0
0
1
0
1
0
0
0
0
0
0
0
0
0
0
0
0
0
0
0
0
0
26
26
0
0
0
0
0
0
0
16
0
6
0
0
0
0
0
0
0
0
0
0
0
0
16
0
0
0
0
0
0
0
0
0
0
16
0
0
0
16
0
0
0
0
0
0
40
0
0
0
0
5
0
0
16
0
0
0
0
0
0
0
0
0
0
0
0
0
0
0
0
26
0
0
0
0
0
0
0
0
0
2
0
0
0
0
0
0
0
0
0
0
0
0
0
0
39
2
0
0
0
0
0
0
0
0
0
0
0
0
0
0
0
0
0
0
0
0
0
0
0
3
0
0
0
11
0
16
0
0
16
16
0
0
0
0
16
16
0
125
0
0
0
1
0
0
0
0
0
0
0
0
0
16
0
0
0
548
0
0
0
0
