Category: fighting
0.909090909091 0.909090909091 0.909090909091 0.9 0.9 1.0 1.0 1.0 1.0 1.0 1.0
Category: sports
0.909090909091 0.909090909091 1.0 1.0 1.0 1.0 1.0 1.0 1.0 1.0 1.0
Category: rpg
0.727272727273 0.818181818182 0.8 0.8 0.8 0.8 0.777777777778 0.777777777778 0.777777777778 0.888888888889 0.888888888889
Category: arpg
0.9 0.9 0.9 0.9 0.9 0.9 0.9 0.9 0.9 1.0 1.0
Category: racing
0.909090909091 0.909090909091 0.9 0.9 0.9 0.9 1.0 1.0 1.0 1.0 1.0
Category: platform
0.8 0.9 0.8 0.8 0.8 0.8 0.8 0.7 0.777777777778 0.666666666667 0.666666666667
Category: action
0.8 0.7 0.7 0.7 0.7 0.7 0.7 0.6 0.888888888889 0.777777777778 0.777777777778
Category: fps
0.909090909091 0.909090909091 0.9 1.0 1.0 0.9 1.0 1.0 1.0 1.0 1.0
